0,0.0534523332772649,-0.203893862704945
0,0.0534506209484977,-0.202893862704945
0,0.0534489086197306,-0.201893862704945
0,0.0534471962909635,-0.200893862704945
0,0.0534454839621964,-0.199893862704945
0,0.0534437716334292,-0.198893862704945
0,0.0534420593046621,-0.197893862704945
0,0.053440346975895,-0.196893862704945
0,0.0534386346471279,-0.195893862704945
0,0.0534369223183607,-0.194893862704945
0,0.0534352099895936,-0.193893862704945
0,0.0534334976608265,-0.192893862704945
0,0.0534317853320594,-0.191893862704945
0,0.0534300730032922,-0.190893862704945
0,0.0534283606745251,-0.189893862704945
0,0.053426648345758,-0.188893862704945
0,0.0534249360169909,-0.187893862704945
0,0.0534232236882238,-0.186893862704945
0,0.0534215113594566,-0.185893862704945
0,0.0534197990306895,-0.184893862704945
0,0.0534180867019224,-0.183893862704945
0,0.0534163743731553,-0.182893862704945
0,0.0534146620443881,-0.181893862704945
0,0.053412949715621,-0.180893862704945
0,0.0534112373868539,-0.179893862704945
0,0.0534095250580868,-0.178893862704945
0,0.0534078127293196,-0.177893862704945
0,0.0534061004005525,-0.176893862704945
0,0.0534043880717854,-0.175893862704945
0,0.0534026757430183,-0.174893862704945
0,0.0534009634142512,-0.173893862704945
0,0.053399251085484,-0.172893862704945
0,0.0533975387567169,-0.171893862704945
0,0.0533958264279498,-0.170893862704945
0,0.0533941140991827,-0.169893862704945
0,0.0533924017704155,-0.168893862704945
0,0.0533906894416484,-0.167893862704945
0,0.0533889771128813,-0.166893862704945
0,0.0533872647841142,-0.165893862704945
0,0.053385552455347,-0.164893862704945
0,0.0533838401265799,-0.163893862704945
0,0.0533821277978128,-0.162893862704945
0,0.0533804154690457,-0.161893862704945
0,0.0533787031402786,-0.160893862704945
0,0.0533769908115114,-0.159893862704945
0,0.0533752784827443,-0.158893862704945
0,0.0533735661539772,-0.157893862704945
0,0.0533718538252101,-0.156893862704945
0,0.0533701414964429,-0.155893862704945
0,0.0533684291676758,-0.154893862704945
0,0.0533667168389087,-0.153893862704945
0,0.0533650045101416,-0.152893862704945
0,0.0533632921813744,-0.151893862704945
0,0.0533615798526073,-0.150893862704945
0,0.0533598675238402,-0.149893862704945
0,0.0533581551950731,-0.148893862704945
0,0.0533564428663059,-0.147893862704945
0,0.0533547305375388,-0.146893862704945
0,0.0533530182087717,-0.145893862704945
0,0.0533513058800046,-0.144893862704945
0,0.0533495935512375,-0.143893862704945
0,0.0533478812224703,-0.142893862704945
0,0.0533461688937032,-0.141893862704945
0,0.0533444565649361,-0.140893862704945
0,0.053342744236169,-0.139893862704945
0,0.0533410319074018,-0.138893862704945
0,0.0533393195786347,-0.137893862704945
0,0.0533376072498676,-0.136893862704945
0,0.0533358949211005,-0.135893862704945
0,0.0533341825923333,-0.134893862704945
0,0.0533324702635662,-0.133893862704945
0,0.0533307579347991,-0.132893862704945
0,0.053329045606032,-0.131893862704945
0,0.0533273332772649,-0.130893862704945
0,0.0533256209484977,-0.129893862704945
0,0.0533239086197306,-0.128893862704945
0,0.0533221962909635,-0.127893862704945
0,0.0533204839621964,-0.126893862704945
0,0.0533187716334292,-0.125893862704945
0,0.0533170593046621,-0.124893862704945
0,0.053315346975895,-0.123893862704945
0,0.0533136346471279,-0.122893862704945
0,0.0533119223183607,-0.121893862704945
0,0.0533102099895936,-0.120893862704945
0,0.0533084976608265,-0.119893862704945
0,0.0533067853320594,-0.118893862704945
0,0.0533050730032922,-0.117893862704945
0,0.0533033606745251,-0.116893862704945
0,0.053301648345758,-0.115893862704945
0,0.0532999360169909,-0.114893862704945
0,0.0532982236882238,-0.113893862704945
0,0.0532965113594566,-0.112893862704945
0,0.0532947990306895,-0.111893862704945
0,0.0532930867019224,-0.110893862704945
0,0.0532913743731553,-0.109893862704945
0,0.0532896620443881,-0.108893862704945
0,0.053287949715621,-0.107893862704945
0,0.0532862373868539,-0.106893862704945
0,0.0532845250580868,-0.105893862704945
0,0.0532828127293196,-0.104893862704945
0,0.0532811004005525,-0.103893862704945
0,0.0532793880717854,-0.102893862704945
0,0.0532776757430183,-0.101893862704945
0,0.0532759634142512,-0.100893862704945
0,0.053274251085484,-0.0998938627049451
0,0.0532725387567169,-0.0988938627049451
0,0.0532708264279498,-0.0978938627049451
0,0.0532691140991827,-0.0968938627049451
0,0.0532674017704155,-0.0958938627049451
0,0.0532656894416484,-0.0948938627049451
0,0.0532639771128813,-0.0938938627049451
0,0.0532622647841142,-0.0928938627049451
0,0.053260552455347,-0.0918938627049451
0,0.0532588401265799,-0.0908938627049451
0,0.0532571277978128,-0.0898938627049451
0,0.0532554154690457,-0.0888938627049451
0,0.0532537031402786,-0.0878938627049451
0,0.0532519908115114,-0.0868938627049451
0,0.0532502784827443,-0.0858938627049451
0,0.0532485661539772,-0.0848938627049451
0,0.0532468538252101,-0.0838938627049451
0,0.0532451414964429,-0.0828938627049451
0,0.0532434291676758,-0.0818938627049451
0,0.0532417168389087,-0.0808938627049451
0,0.0532400045101416,-0.0798938627049451
0,0.0532382921813744,-0.0788938627049451
0,0.0532365798526073,-0.0778938627049451
0,0.0532348675238402,-0.0768938627049451
0,0.0532331551950731,-0.0758938627049451
0,0.0532314428663059,-0.0748938627049451
0,0.0532297305375388,-0.0738938627049451
0,0.0532280182087717,-0.0728938627049451
0,0.0532263058800046,-0.0718938627049451
0,0.0532245935512375,-0.0708938627049451
0,0.0532228812224703,-0.0698938627049451
0,0.0532211688937032,-0.0688938627049451
0,0.0532194565649361,-0.0678938627049451
0,0.053217744236169,-0.0668938627049451
0,0.0532160319074018,-0.0658938627049451
0,0.0532143195786347,-0.0648938627049451
0,0.0532126072498676,-0.0638938627049451
0,0.0532108949211005,-0.0628938627049451
0,0.0532091825923333,-0.0618938627049451
0,0.0532074702635662,-0.0608938627049451
0,0.0532057579347991,-0.0598938627049451
0,0.053204045606032,-0.0588938627049451
0,0.0532023332772649,-0.0578938627049451
0,0.0531888113646966,-0.0568938627049451
0,0.0531467044256844,-0.0558938627049451
0,0.0530758985737126,-0.0548938627049451
0,0.0529762185935191,-0.0538938627049451
0,0.0528474153904198,-0.0528938627049451
0,0.0526891628270874,-0.0518938627049451
0,0.0525010534907979,-0.0508938627049451
0,0.0522825932596053,-0.0498938627049451
0,0.0520331944922079,-0.0488938627049451
0,0.0517521676120414,-0.0478938627049451
0,0.0514387107873592,-0.0468938627049451
0,0.0510918973202233,-0.0458938627049451
0,0.0507106602406849,-0.0448938627049451
0,0.0502937734469294,-0.0438938627049451
0,0.0498398285217422,-0.0428938627049451
0,0.0493472060666141,-0.0418938627049451
0,0.0488140399914982,-0.0408938627049451
0,0.0482381726259959,-0.0398938627049451
0,0.0476170976910418,-0.0388938627049451
0,0.0469478869519263,-0.0378938627049451
0,0.0462270945385957,-0.0368938627049451
0,0.04545063008706,-0.0358938627049451
0,0.0446135873624439,-0.0348938627049451
0,0.0437100076687864,-0.0338938627049451
0,0.0427343639015692,-0.0328938627049451
0,0.0417343639015692,-0.0318938627049451
0,0.0407343639015692,-0.0308938627049451
0,0.0397343639015692,-0.0298938627049451
0,0.0387343639015692,-0.0288938627049451
0,0.0377343639015692,-0.0278938627049451
0,0.0367343639015692,-0.0268938627049451
0,0.0357343639015692,-0.0258938627049451
0,0.0347343639015692,-0.0248938627049451
0,0.0337637691302638,-0.0238938627049451
0,0.032865706154649,-0.0228938627049451
0,0.0320336628160767,-0.0218938627049451
0,0.0312617744226273,-0.0208938627049451
0,0.0305452069592822,-0.0198938627049451
0,0.0298799266638498,-0.0188938627049451
0,0.0292625328094934,-0.0178938627049451
0,0.0286901337289929,-0.0168938627049451
0,0.0281602531809458,-0.0158938627049451
0,0.02767075848541,-0.0148938627049451
0,0.0272198045902807,-0.0138938627049451
0,0.0268057900045059,-0.0128938627049451
0,0.0264273217147326,-0.0118938627049451
0,0.0260831870043829,-0.0108938627049451
0,0.0257723306503997,-0.00989386270494511
0,0.0254938363654753,-0.0088938627049451
0,0.0252469116352793,-0.0078938627049451
0,0.0250308753055274,-0.0068938627049451
0,0.0248451474256536,-0.0058938627049451
0,0.024689240969942,-0.0048938627049451
0,0.0245627551439708,-0.0038938627049451
0,0.0244653700516692,-0.0028938627049451
0,0.0243968425515512,-0.0018938627049451
0,0.0243570031736894,-0.000893862704945098
0,0.0243462247744358,0.000106137295054903
0,0.0244144583663013,0.0011061372950549
0,0.0245978607564251,0.00210613729505491
0,0.0249040086215712,0.00310613729505489
0,0.0253180073214511,0.00410613729505489
0,0.0257403082905336,0.00510613729505489
0,0.0261606710772641,0.00610613729505489
0,0.0265790956816426,0.0071061372950549
0,0.0269955821036691,0.0081061372950549
0,0.0274101303433437,0.0091061372950549
0,0.0278227404006662,0.0101061372950549
0,0.0282334122756367,0.0111061372950549
0,0.0286421459682552,0.0121061372950549
0,0.0290489414785218,0.0131061372950549
0,0.0294537988064363,0.0141061372950549
0,0.0298567179519988,0.0151061372950549
0,0.0302576989152093,0.0161061372950549
0,0.0306567416960679,0.0171061372950549
0,0.0310538462945744,0.0181061372950549
0,0.0314490127107289,0.0191061372950549
0,0.0318422409445315,0.0201061372950549
0,0.032233530995982,0.0211061372950549
0,0.0326228828650805,0.0221061372950549
0,0.0330102965518271,0.0231061372950549
0,0.0333957720562216,0.0241061372950549
0,0.0337793093782641,0.0251061372950549
0,0.0341609085179547,0.0261061372950549
0,0.0345405694752932,0.0271061372950549
0,0.0349182922502798,0.0281061372950549
0,0.0352940768429143,0.0291061372950549
0,0.0356679232531969,0.0301061372950549
0,0.0360398314811274,0.0311061372950549
0,0.036409801526706,0.0321061372950549
0,0.0367778333899325,0.0331061372950549
0,0.0371439270708071,0.0341061372950549
0,0.0375080825693296,0.0351061372950549
0,0.0378702998855002,0.0361061372950549
0,0.0382305790193187,0.0371061372950549
0,0.0385889199707853,0.0381061372950549
0,0.0389453227398999,0.0391061372950549
0,0.0392997873266624,0.0401061372950549
0,0.039652313731073,0.0411061372950549
0,0.0400029019531316,0.0421061372950549
0,0.0403515519928381,0.0431061372950549
0,0.0406982638501927,0.0441061372950549
0,0.0410430375251952,0.0451061372950549
0,0.0413858730178458,0.0461061372950549
0,0.0417267703281444,0.0471061372950549
0,0.042065729456091,0.0481061372950549
0,0.0424027504016855,0.0491061372950549
0,0.0427378331649281,0.0501061372950549
0,0.0430709777458187,0.0511061372950549
0,0.0434021841443572,0.0521061372950549
0,0.0437314523605438,0.0531061372950549
0,0.0440587823943784,0.0541061372950549
0,0.044384174245861,0.0551061372950549
0,0.0447076279149916,0.0561061372950549
0,0.0450291434017702,0.0571061372950549
0,0.0453487207061967,0.0581061372950549
0,0.0456663598282713,0.0591061372950549
0,0.0459820607679939,0.0601061372950549
0,0.0462958235253645,0.0611061372950549
0,0.0466076481003831,0.0621061372950549
0,0.0469175344930497,0.0631061372950549
0,0.0472254827033643,0.0641061372950549
0,0.0475314927313269,0.0651061372950549
0,0.0478355645769375,0.0661061372950549
0,0.0481376982401961,0.0671061372950549
0,0.0484378937211027,0.0681061372950549
0,0.0487361510196572,0.0691061372950549
0,0.0490324701358598,0.0701061372950549
0,0.0493268510697105,0.0711061372950549
0,0.0496192938212091,0.0721061372950549
0,0.0499097983903557,0.0731061372950549
0,0.0501983647771503,0.0741061372950549
0,0.0504849929815929,0.0751061372950549
0,0.0507696830036835,0.0761061372950549
0,0.0510524348434221,0.0771061372950549
0,0.0513332485008087,0.0781061372950549
0,0.0516121239758433,0.0791061372950549
0,0.0518890612685259,0.0801061372950549
0,0.0521640603788565,0.0811061372950549
0,0.0524371213068351,0.0821061372950549
0,0.0527082440524618,0.0831061372950549
0,0.0529774286157364,0.0841061372950549
0,0.053244674996659,0.0851061372950549
0,0.0535099831952296,0.0861061372950549
0,0.0537733532114483,0.0871061372950549
0,0.0540347850453149,0.0881061372950549
0,0.0542942786968295,0.0891061372950549
0,0.0545518341659921,0.0901061372950549
