0,53.4523332772649,-203.893862704945
0,53.4506209484977,-202.893862704945
0,53.4489086197306,-201.893862704945
0,53.4471962909635,-200.893862704945
0,53.4454839621964,-199.893862704945
0,53.4437716334292,-198.893862704945
0,53.4420593046621,-197.893862704945
0,53.440346975895,-196.893862704945
0,53.4386346471279,-195.893862704945
0,53.4369223183607,-194.893862704945
0,53.4352099895936,-193.893862704945
0,53.4334976608265,-192.893862704945
0,53.4317853320594,-191.893862704945
0,53.4300730032923,-190.893862704945
0,53.4283606745251,-189.893862704945
0,53.426648345758,-188.893862704945
0,53.4249360169909,-187.893862704945
0,53.4232236882238,-186.893862704945
0,53.4215113594566,-185.893862704945
0,53.4197990306895,-184.893862704945
0,53.4180867019224,-183.893862704945
0,53.4163743731553,-182.893862704945
0,53.4146620443881,-181.893862704945
0,53.412949715621,-180.893862704945
0,53.4112373868539,-179.893862704945
0,53.4095250580868,-178.893862704945
0,53.4078127293196,-177.893862704945
0,53.4061004005525,-176.893862704945
0,53.4043880717854,-175.893862704945
0,53.4026757430183,-174.893862704945
0,53.4009634142512,-173.893862704945
0,53.399251085484,-172.893862704945
0,53.3975387567169,-171.893862704945
0,53.3958264279498,-170.893862704945
0,53.3941140991827,-169.893862704945
0,53.3924017704155,-168.893862704945
0,53.3906894416484,-167.893862704945
0,53.3889771128813,-166.893862704945
0,53.3872647841142,-165.893862704945
0,53.385552455347,-164.893862704945
0,53.3838401265799,-163.893862704945
0,53.3821277978128,-162.893862704945
0,53.3804154690457,-161.893862704945
0,53.3787031402786,-160.893862704945
0,53.3769908115114,-159.893862704945
0,53.3752784827443,-158.893862704945
0,53.3735661539772,-157.893862704945
0,53.3718538252101,-156.893862704945
0,53.3701414964429,-155.893862704945
0,53.3684291676758,-154.893862704945
0,53.3667168389087,-153.893862704945
0,53.3650045101416,-152.893862704945
0,53.3632921813744,-151.893862704945
0,53.3615798526073,-150.893862704945
0,53.3598675238402,-149.893862704945
0,53.3581551950731,-148.893862704945
0,53.3564428663059,-147.893862704945
0,53.3547305375388,-146.893862704945
0,53.3530182087717,-145.893862704945
0,53.3513058800046,-144.893862704945
0,53.3495935512375,-143.893862704945
0,53.3478812224703,-142.893862704945
0,53.3461688937032,-141.893862704945
0,53.3444565649361,-140.893862704945
0,53.342744236169,-139.893862704945
0,53.3410319074018,-138.893862704945
0,53.3393195786347,-137.893862704945
0,53.3376072498676,-136.893862704945
0,53.3358949211005,-135.893862704945
0,53.3341825923333,-134.893862704945
0,53.3324702635662,-133.893862704945
0,53.3307579347991,-132.893862704945
0,53.329045606032,-131.893862704945
0,53.3273332772649,-130.893862704945
0,53.3256209484977,-129.893862704945
0,53.3239086197306,-128.893862704945
0,53.3221962909635,-127.893862704945
0,53.3204839621964,-126.893862704945
0,53.3187716334292,-125.893862704945
0,53.3170593046621,-124.893862704945
0,53.315346975895,-123.893862704945
0,53.3136346471279,-122.893862704945
0,53.3119223183607,-121.893862704945
0,53.3102099895936,-120.893862704945
0,53.3084976608265,-119.893862704945
0,53.3067853320594,-118.893862704945
0,53.3050730032923,-117.893862704945
0,53.3033606745251,-116.893862704945
0,53.301648345758,-115.893862704945
0,53.2999360169909,-114.893862704945
0,53.2982236882238,-113.893862704945
0,53.2965113594566,-112.893862704945
0,53.2947990306895,-111.893862704945
0,53.2930867019224,-110.893862704945
0,53.2913743731553,-109.893862704945
0,53.2896620443881,-108.893862704945
0,53.287949715621,-107.893862704945
0,53.2862373868539,-106.893862704945
0,53.2845250580868,-105.893862704945
0,53.2828127293196,-104.893862704945
0,53.2811004005525,-103.893862704945
0,53.2793880717854,-102.893862704945
0,53.2776757430183,-101.893862704945
0,53.2759634142512,-100.893862704945
0,53.274251085484,-99.8938627049451
0,53.2725387567169,-98.8938627049451
0,53.2708264279498,-97.8938627049451
0,53.2691140991827,-96.8938627049451
0,53.2674017704155,-95.8938627049451
0,53.2656894416484,-94.8938627049451
0,53.2639771128813,-93.8938627049451
0,53.2622647841142,-92.8938627049451
0,53.260552455347,-91.8938627049451
0,53.2588401265799,-90.8938627049451
0,53.2571277978128,-89.8938627049451
0,53.2554154690457,-88.8938627049451
0,53.2537031402786,-87.8938627049451
0,53.2519908115114,-86.8938627049451
0,53.2502784827443,-85.8938627049451
0,53.2485661539772,-84.8938627049451
0,53.2468538252101,-83.8938627049451
0,53.2451414964429,-82.8938627049451
0,53.2434291676758,-81.8938627049451
0,53.2417168389087,-80.8938627049451
0,53.2400045101416,-79.8938627049451
0,53.2382921813744,-78.8938627049451
0,53.2365798526073,-77.8938627049451
0,53.2348675238402,-76.8938627049451
0,53.2331551950731,-75.8938627049451
0,53.2314428663059,-74.8938627049451
0,53.2297305375388,-73.8938627049451
0,53.2280182087717,-72.8938627049451
0,53.2263058800046,-71.8938627049451
0,53.2245935512375,-70.8938627049451
0,53.2228812224703,-69.8938627049451
0,53.2211688937032,-68.8938627049451
0,53.2194565649361,-67.8938627049451
0,53.217744236169,-66.8938627049451
0,53.2160319074018,-65.8938627049451
0,53.2143195786347,-64.8938627049451
0,53.2126072498676,-63.8938627049451
0,53.2108949211005,-62.8938627049451
0,53.2091825923333,-61.8938627049451
0,53.2074702635662,-60.8938627049451
0,53.2057579347991,-59.8938627049451
0,53.204045606032,-58.8938627049451
0,53.2023332772649,-57.8938627049451
0,53.1888113646966,-56.8938627049451
0,53.1467044256844,-55.8938627049451
0,53.0758985737126,-54.8938627049451
0,52.9762185935191,-53.8938627049451
0,52.8474153904198,-52.8938627049451
0,52.6891628270874,-51.8938627049451
0,52.5010534907979,-50.8938627049451
0,52.2825932596053,-49.8938627049451
0,52.0331944922079,-48.8938627049451
0,51.7521676120414,-47.8938627049451
0,51.4387107873592,-46.8938627049451
0,51.0918973202233,-45.8938627049451
0,50.7106602406849,-44.8938627049451
0,50.2937734469294,-43.8938627049451
0,49.8398285217422,-42.8938627049451
0,49.3472060666141,-41.8938627049451
0,48.8140399914982,-40.8938627049451
0,48.2381726259959,-39.8938627049451
0,47.6170976910418,-38.8938627049451
0,46.9478869519263,-37.8938627049451
0,46.2270945385957,-36.8938627049451
0,45.45063008706,-35.8938627049451
0,44.6135873624439,-34.8938627049451
0,43.7100076687864,-33.8938627049451
0,42.7343639015692,-32.8938627049451
0,41.7343639015692,-31.8938627049451
0,40.7343639015692,-30.8938627049451
0,39.7343639015692,-29.8938627049451
0,38.7343639015692,-28.8938627049451
0,37.7343639015692,-27.8938627049451
0,36.7343639015692,-26.8938627049451
0,35.7343639015692,-25.8938627049451
0,34.7343639015692,-24.8938627049451
0,33.7637691302638,-23.8938627049451
0,32.865706154649,-22.8938627049451
0,32.0336628160767,-21.8938627049451
0,31.2617744226273,-20.8938627049451
0,30.5452069592822,-19.8938627049451
0,29.8799266638498,-18.8938627049451
0,29.2625328094934,-17.8938627049451
0,28.6901337289929,-16.8938627049451
0,28.1602531809458,-15.8938627049451
0,27.67075848541,-14.8938627049451
0,27.2198045902807,-13.8938627049451
0,26.8057900045059,-12.8938627049451
0,26.4273217147326,-11.8938627049451
0,26.0831870043829,-10.8938627049451
0,25.7723306503997,-9.89386270494511
0,25.4938363654753,-8.89386270494511
0,25.2469116352793,-7.8938627049451
0,25.0308753055274,-6.8938627049451
0,24.8451474256536,-5.8938627049451
0,24.689240969942,-4.8938627049451
0,24.5627551439708,-3.8938627049451
0,24.4653700516692,-2.8938627049451
0,24.3968425515512,-1.8938627049451
0,24.3556820200187,-0.893862704945098
0,24.344546187429,0.106137295054903
0,24.4150425420483,1.1061372950549
0,24.6045269232556,2.10613729505491
0,24.9208272656121,3.10613729505489
0,25.348554992685,4.10613729505489
0,25.7848603088581,5.10613729505489
0,26.2191631686653,6.10613729505489
0,26.6514635721064,7.1061372950549
0,27.0817615191817,8.1061372950549
0,27.5100570098909,9.1061372950549
0,27.9363500442343,10.1061372950549
0,28.3606406222116,11.1061372950549
0,28.782928743823,12.1061372950549
0,29.2032144090684,13.1061372950549
0,29.6214976179479,14.1061372950549
0,30.0377783704614,15.1061372950549
0,30.452056666609,16.1061372950549
0,30.8643325063906,17.1061372950549
0,31.2746058898062,18.1061372950549
0,31.6828768168559,19.1061372950549
0,32.0891452875396,20.1061372950549
0,32.4934113018574,21.1061372950549
0,32.8956748598092,22.1061372950549
0,33.295935961395,23.1061372950549
0,33.6941946066149,24.1061372950549
0,34.0904507954688,25.1061372950549
0,34.4847045279568,26.1061372950549
0,34.8769558040788,27.1061372950549
0,35.2672046238349,28.1061372950549
0,35.655450987225,29.1061372950549
0,36.0416948942491,30.1061372950549
0,36.4259363449073,31.1061372950549
0,36.8081753391995,32.1061372950549
0,37.1884118771257,33.1061372950549
0,37.566645958686,34.1061372950549
0,37.9428775838804,35.1061372950549
0,38.3171067527088,36.1061372950549
0,38.6893334651712,37.1061372950549
0,39.0595577212676,38.1061372950549
0,39.4277795209981,39.1061372950549
0,39.7939988643627,40.1061372950549
0,40.1582157513613,41.1061372950549
0,40.5204301819939,42.1061372950549
0,40.8806421562606,43.1061372950549
0,41.2388516741613,44.1061372950549
0,41.595058735696,45.1061372950549
0,41.9492633408648,46.1061372950549
0,42.3014654896676,47.1061372950549
0,42.6516651821045,48.1061372950549
0,42.9998624181754,49.1061372950549
0,43.3460571978804,50.1061372950549
0,43.6902495212194,51.1061372950549
0,44.0324393881924,52.1061372950549
0,44.3726267987995,53.1061372950549
0,44.7108117530406,54.1061372950549
0,45.0469942509157,55.1061372950549
0,45.3811742924249,56.1061372950549
0,45.7133518775682,57.1061372950549
0,46.0435270063455,58.1061372950549
0,46.3716996787568,59.1061372950549
0,46.6978698948021,60.1061372950549
0,47.0220376544816,61.1061372950549
0,47.344202957795,62.1061372950549
0,47.6643658047425,63.1061372950549
0,47.982526195324,64.1061372950549
0,48.2986841295396,65.1061372950549
0,48.6128396073892,66.1061372950549
0,48.9249926288728,67.1061372950549
0,49.2351431939905,68.1061372950549
0,49.5432913027423,69.1061372950549
0,49.849436955128,70.1061372950549
0,50.1535801511478,71.1061372950549
0,50.4557208908017,72.1061372950549
0,50.7558591740896,73.1061372950549
0,51.0539950010115,74.1061372950549
0,51.3501283715675,75.1061372950549
0,51.6442592857575,76.1061372950549
0,51.9363877435816,77.1061372950549
0,52.2265137450397,78.1061372950549
0,52.5146372901318,79.1061372950549
0,52.800758378858,80.1061372950549
0,53.0848770112182,81.1061372950549
0,53.3669931872125,82.1061372950549
0,53.6471069068408,83.1061372950549
0,53.9252181701032,84.1061372950549
0,54.2013269769996,85.1061372950549
0,54.47543332753,86.1061372950549
0,54.7475372216945,87.1061372950549
0,55.017638659493,88.1061372950549
0,55.2857376409255,89.1061372950549
0,55.5518341659921,90.1061372950549
