0,0.063809907031745,-0.20407259955195
0,0.0637874932386415,-0.20307259955195
0,0.0637650794455381,-0.20207259955195
0,0.0637426656524346,-0.20107259955195
0,0.0637202518593312,-0.20007259955195
0,0.0636978380662277,-0.19907259955195
0,0.0636754242731243,-0.19807259955195
0,0.0636530104800209,-0.19707259955195
0,0.0636305966869174,-0.19607259955195
0,0.063608182893814,-0.19507259955195
0,0.0635857691007105,-0.19407259955195
0,0.0635633553076071,-0.19307259955195
0,0.0635409415145036,-0.19207259955195
0,0.0635185277214002,-0.19107259955195
0,0.0634961139282967,-0.19007259955195
0,0.0634737001351933,-0.18907259955195
0,0.0634512863420898,-0.18807259955195
0,0.0634288725489864,-0.18707259955195
0,0.0634064587558829,-0.18607259955195
0,0.0633840449627795,-0.18507259955195
0,0.063361631169676,-0.18407259955195
0,0.0633392173765726,-0.18307259955195
0,0.0633168035834691,-0.18207259955195
0,0.0632943897903657,-0.18107259955195
0,0.0632719759972622,-0.18007259955195
0,0.0632495622041588,-0.17907259955195
0,0.0632271484110553,-0.17807259955195
0,0.0632047346179519,-0.17707259955195
0,0.0631823208248484,-0.17607259955195
0,0.063159907031745,-0.17507259955195
0,0.0631374932386415,-0.17407259955195
0,0.0631150794455381,-0.17307259955195
0,0.0630926656524346,-0.17207259955195
0,0.0630702518593312,-0.17107259955195
0,0.0630478380662277,-0.17007259955195
0,0.0630254242731243,-0.16907259955195
0,0.0630030104800209,-0.16807259955195
0,0.0629805966869174,-0.16707259955195
0,0.0629581828938139,-0.16607259955195
0,0.0629357691007105,-0.16507259955195
0,0.0629133553076071,-0.16407259955195
0,0.0628909415145036,-0.16307259955195
0,0.0628685277214002,-0.16207259955195
0,0.0628461139282967,-0.16107259955195
0,0.0628237001351933,-0.16007259955195
0,0.0628012863420898,-0.15907259955195
0,0.0627788725489864,-0.15807259955195
0,0.0627564587558829,-0.15707259955195
0,0.0627340449627795,-0.15607259955195
0,0.062711631169676,-0.15507259955195
0,0.0626892173765726,-0.15407259955195
0,0.0626668035834691,-0.15307259955195
0,0.0626443897903657,-0.15207259955195
0,0.0626219759972622,-0.15107259955195
0,0.0625995622041588,-0.15007259955195
0,0.0625771484110553,-0.14907259955195
0,0.0625547346179519,-0.14807259955195
0,0.0625323208248484,-0.14707259955195
0,0.062509907031745,-0.14607259955195
0,0.0624874932386415,-0.14507259955195
0,0.0624650794455381,-0.14407259955195
0,0.0624426656524346,-0.14307259955195
0,0.0624202518593312,-0.14207259955195
0,0.0623978380662277,-0.14107259955195
0,0.0623754242731243,-0.14007259955195
0,0.0623530104800208,-0.13907259955195
0,0.0623305966869174,-0.13807259955195
0,0.0623081828938139,-0.13707259955195
0,0.0622857691007105,-0.13607259955195
0,0.0622633553076071,-0.13507259955195
0,0.0622409415145036,-0.13407259955195
0,0.0622185277214002,-0.13307259955195
0,0.0621961139282967,-0.13207259955195
0,0.0621737001351933,-0.13107259955195
0,0.0621512863420898,-0.13007259955195
0,0.0621288725489864,-0.12907259955195
0,0.0621064587558829,-0.12807259955195
0,0.0620840449627795,-0.12707259955195
0,0.062061631169676,-0.12607259955195
0,0.0620392173765726,-0.12507259955195
0,0.0620168035834691,-0.12407259955195
0,0.0619943897903657,-0.12307259955195
0,0.0619719759972622,-0.12207259955195
0,0.0619495622041588,-0.12107259955195
0,0.0619271484110553,-0.12007259955195
0,0.0619047346179519,-0.11907259955195
0,0.0618823208248484,-0.11807259955195
0,0.061859907031745,-0.11707259955195
0,0.0618374932386415,-0.11607259955195
0,0.0618150794455381,-0.11507259955195
0,0.0617926656524346,-0.11407259955195
0,0.0617702518593312,-0.11307259955195
0,0.0617478380662277,-0.11207259955195
0,0.0617254242731243,-0.11107259955195
0,0.0617030104800208,-0.11007259955195
0,0.0616805966869174,-0.10907259955195
0,0.061658182893814,-0.10807259955195
0,0.0616357691007105,-0.10707259955195
0,0.0616133553076071,-0.10607259955195
0,0.0615909415145036,-0.10507259955195
0,0.0615685277214002,-0.10407259955195
0,0.0615461139282967,-0.10307259955195
0,0.0615237001351933,-0.10207259955195
0,0.0615012863420898,-0.10107259955195
0,0.0614788725489864,-0.10007259955195
0,0.0614564587558829,-0.0990725995519503
0,0.0614340449627795,-0.0980725995519503
0,0.061411631169676,-0.0970725995519503
0,0.0613892173765726,-0.0960725995519503
0,0.0613668035834691,-0.0950725995519503
0,0.0613443897903657,-0.0940725995519503
0,0.0613219759972622,-0.0930725995519503
0,0.0612995622041588,-0.0920725995519503
0,0.0612771484110553,-0.0910725995519503
0,0.0612547346179519,-0.0900725995519503
0,0.0612323208248484,-0.0890725995519503
0,0.061209907031745,-0.0880725995519503
0,0.0611874932386415,-0.0870725995519503
0,0.0611650794455381,-0.0860725995519503
0,0.0611426656524346,-0.0850725995519503
0,0.0611202518593312,-0.0840725995519503
0,0.0610978380662277,-0.0830725995519503
0,0.0610754242731243,-0.0820725995519503
0,0.0610530104800208,-0.0810725995519503
0,0.0610305966869174,-0.0800725995519503
0,0.0610081828938139,-0.0790725995519503
0,0.0609857691007105,-0.0780725995519503
0,0.060963355307607,-0.0770725995519503
0,0.0609409415145036,-0.0760725995519503
0,0.0609185277214002,-0.0750725995519503
0,0.0608961139282967,-0.0740725995519503
0,0.0608737001351933,-0.0730725995519503
0,0.0608512863420898,-0.0720725995519503
0,0.0608288725489864,-0.0710725995519503
0,0.0608064587558829,-0.0700725995519503
0,0.0607840449627795,-0.0690725995519503
0,0.060761631169676,-0.0680725995519503
0,0.0607392173765726,-0.0670725995519503
0,0.0607168035834691,-0.0660725995519503
0,0.0606943897903657,-0.0650725995519503
0,0.0606719759972622,-0.0640725995519503
0,0.0606495622041588,-0.0630725995519503
0,0.0606271484110553,-0.0620725995519503
0,0.0606047346179519,-0.0610725995519503
0,0.0605823208248484,-0.0600725995519503
0,0.0605132780262752,-0.0590725995519503
0,0.0605126619061608,-0.0580725995519503
0,0.0604892514527404,-0.0570725995519503
0,0.0604318921507404,-0.0560725995519503
0,0.0603404447423209,-0.0550725995519503
0,0.0602146856291846,-0.0540725995519503
0,0.0600543041092982,-0.0530725995519503
0,0.0598588984703955,-0.0520725995519503
0,0.0596279708234446,-0.0510725995519503
0,0.0593609205167126,-0.0500725995519503
0,0.0590570359194017,-0.0490725995519503
0,0.0587154842995506,-0.0480725995519503
0,0.0583352994392418,-0.0470725995519503
0,0.0579153665245633,-0.0460725995519503
0,0.0574544037090612,-0.0450725995519503
0,0.0569509395644434,-0.0440725995519503
0,0.0564032853819867,-0.0430725995519503
0,0.0558095009443057,-0.0420725995519503
0,0.0551673519075265,-0.0410725995519503
0,0.0544742562536068,-0.0400725995519503
0,0.0537272162900538,-0.0390725995519503
0,0.0529227312271175,-0.0380725995519503
0,0.0520566831838567,-0.0370725995519503
0,0.0511241861136059,-0.0360725995519503
0,0.0501193818105699,-0.0350725995519503
0,0.0490351584424688,-0.0340725995519503
0,0.0478660094009054,-0.0330725995519503
0,0.0466713212417165,-0.0320725995519503
0,0.0454766330825276,-0.0310725995519503
0,0.0442819449233388,-0.0300725995519503
0,0.0430872567641499,-0.0290725995519503
0,0.041892568604961,-0.0280725995519503
0,0.0406978804457721,-0.0270725995519503
0,0.0395031922865832,-0.0260725995519503
0,0.0383085041273944,-0.0250725995519503
0,0.0371479965419034,-0.0240725995519503
0,0.0360735724334162,-0.0230725995519503
0,0.0350776505351823,-0.0220725995519503
0,0.0341532850739252,-0.0210725995519503
0,0.0332947455229255,-0.0200725995519503
0,0.0324972459696873,-0.0190725995519503
0,0.0317567484400701,-0.0180725995519503
0,0.0310698169005254,-0.0170725995519503
0,0.0304335068701854,-0.0160725995519503
0,0.0298452806132454,-0.0150725995519503
0,0.0293029410708656,-0.0140725995519503
0,0.0288045797652203,-0.0130725995519503
0,0.0283485352892849,-0.0120725995519503
0,0.0279333599357766,-0.0110725995519503
0,0.0275577926708589,-0.0100725995519503
0,0.0272207371189581,-0.00907259955195033
0,0.0269212435559212,-0.00807259955195033
0,0.026658494149085,-0.00707259955195033
0,0.0264317908614844,-0.00607259955195033
0,0.0262405455716367,-0.00507259955195033
0,0.0260842720626823,-0.00407259955195033
0,0.0259625796139672,-0.00307259955195033
0,0.025875167990723,-0.00207259955195034
0,0.0258218236779158,-0.00107259955195034
0,0.0258040400244389,-7.25995519503392e-05
0,0.0258565313936952,0.000927400448049662
0,0.0260330988856677,0.00192740044804966
0,0.0263410652262192,0.00292740044804966
0,0.0267799224459975,0.00392740044804966
0,0.0272425763017035,0.00492740044804967
0,0.0277029930245446,0.00592740044804967
0,0.0281611726145207,0.00692740044804967
0,0.0286171150716318,0.00792740044804967
0,0.029070820395878,0.00892740044804967
0,0.0295222885872592,0.00992740044804967
0,0.0299715196457754,0.0109274004480497
0,0.0304185135714266,0.0119274004480497
0,0.0308632703642128,0.0129274004480497
0,0.0313057900241341,0.0139274004480497
0,0.0317460725511904,0.0149274004480497
0,0.0321841179453817,0.0159274004480497
0,0.032619926206708,0.0169274004480497
0,0.0330534973351694,0.0179274004480497
0,0.0334848313307658,0.0189274004480497
0,0.0339139281934972,0.0199274004480497
0,0.0343407879233636,0.0209274004480497
0,0.034765410520365,0.0219274004480497
0,0.0351877959845015,0.0229274004480497
0,0.035607944315773,0.0239274004480497
0,0.0360258555141795,0.0249274004480497
0,0.0364415295797211,0.0259274004480497
0,0.0368549665123976,0.0269274004480497
0,0.0372661663122092,0.0279274004480497
0,0.0376751289791558,0.0289274004480497
0,0.0380818545132374,0.0299274004480497
0,0.0384863429144541,0.0309274004480497
0,0.0388885941828058,0.0319274004480497
0,0.0392886083182925,0.0329274004480497
0,0.0396863853209142,0.0339274004480497
0,0.0400819251906709,0.0349274004480497
0,0.0404752279275627,0.0359274004480497
0,0.0408662935315895,0.0369274004480497
0,0.0412551220027513,0.0379274004480497
0,0.0416417133410481,0.0389274004480497
0,0.04202606754648,0.0399274004480497
0,0.0424081846190469,0.0409274004480497
0,0.0427880645587488,0.0419274004480497
0,0.0431657073655857,0.0429274004480497
0,0.0435411130395576,0.0439274004480497
0,0.0439142815806646,0.0449274004480497
0,0.0442852129889066,0.0459274004480497
0,0.0446539072642836,0.0469274004480497
0,0.0450203644067957,0.0479274004480497
0,0.0453845844164427,0.0489274004480497
0,0.0457465672932248,0.0499274004480497
0,0.0461063130371419,0.0509274004480497
0,0.0464638216481941,0.0519274004480497
0,0.0468190931263812,0.0529274004480497
0,0.0471721274717034,0.0539274004480497
0,0.0475229246841606,0.0549274004480497
0,0.0478714847637528,0.0559274004480497
0,0.04821780771048,0.0569274004480497
0,0.0485618935243423,0.0579274004480497
0,0.0489037422053396,0.0589274004480497
0,0.0492433537534719,0.0599274004480497
0,0.0495807281687392,0.0609274004480497
0,0.0499158654511416,0.0619274004480497
0,0.050248765600679,0.0629274004480497
0,0.0505794286173514,0.0639274004480497
0,0.0509078545011588,0.0649274004480497
0,0.0512340432521012,0.0659274004480497
0,0.0515579948701787,0.0669274004480497
0,0.0518797093553912,0.0679274004480497
0,0.0521991867077387,0.0689274004480497
0,0.0525164269272213,0.0699274004480497
0,0.0528314300138388,0.0709274004480497
0,0.0531441959675914,0.0719274004480497
0,0.053454724788479,0.0729274004480497
0,0.0537630164765017,0.0739274004480497
0,0.0540690710316593,0.0749274004480497
0,0.054372888453952,0.0759274004480497
0,0.0546744687433797,0.0769274004480497
0,0.0549738118999424,0.0779274004480497
0,0.0552709179236401,0.0789274004480497
0,0.0555657868144729,0.0799274004480497
0,0.0558584185724407,0.0809274004480497
0,0.0561488131975435,0.0819274004480497
0,0.0564369706897814,0.0829274004480497
0,0.0567228910491542,0.0839274004480497
0,0.0570065742756621,0.0849274004480497
