0,0.0654523332772649,-0.203893862704945
0,0.0654300730032922,-0.202893862704945
0,0.0654078127293196,-0.201893862704945
0,0.0653855524553471,-0.200893862704945
0,0.0653632921813744,-0.199893862704945
0,0.0653410319074018,-0.198893862704945
0,0.0653187716334292,-0.197893862704945
0,0.0652965113594566,-0.196893862704945
0,0.065274251085484,-0.195893862704945
0,0.0652519908115114,-0.194893862704945
0,0.0652297305375388,-0.193893862704945
0,0.0652074702635662,-0.192893862704945
0,0.0651852099895936,-0.191893862704945
0,0.065162949715621,-0.190893862704945
0,0.0651406894416484,-0.189893862704945
0,0.0651184291676758,-0.188893862704945
0,0.0650961688937032,-0.187893862704945
0,0.0650739086197306,-0.186893862704945
0,0.065051648345758,-0.185893862704945
0,0.0650293880717854,-0.184893862704945
0,0.0650071277978128,-0.183893862704945
0,0.0649848675238402,-0.182893862704945
0,0.0649626072498676,-0.181893862704945
0,0.064940346975895,-0.180893862704945
0,0.0649180867019224,-0.179893862704945
0,0.0648958264279498,-0.178893862704945
0,0.0648735661539772,-0.177893862704945
0,0.0648513058800046,-0.176893862704945
0,0.064829045606032,-0.175893862704945
0,0.0648067853320594,-0.174893862704945
0,0.0647845250580868,-0.173893862704945
0,0.0647622647841142,-0.172893862704945
0,0.0647400045101416,-0.171893862704945
0,0.064717744236169,-0.170893862704945
0,0.0646954839621964,-0.169893862704945
0,0.0646732236882238,-0.168893862704945
0,0.0646509634142512,-0.167893862704945
0,0.0646287031402785,-0.166893862704945
0,0.0646064428663059,-0.165893862704945
0,0.0645841825923334,-0.164893862704945
0,0.0645619223183607,-0.163893862704945
0,0.0645396620443881,-0.162893862704945
0,0.0645174017704155,-0.161893862704945
0,0.0644951414964429,-0.160893862704945
0,0.0644728812224703,-0.159893862704945
0,0.0644506209484977,-0.158893862704945
0,0.0644283606745251,-0.157893862704945
0,0.0644061004005525,-0.156893862704945
0,0.0643838401265799,-0.155893862704945
0,0.0643615798526073,-0.154893862704945
0,0.0643393195786347,-0.153893862704945
0,0.0643170593046621,-0.152893862704945
0,0.0642947990306895,-0.151893862704945
0,0.0642725387567169,-0.150893862704945
0,0.0642502784827443,-0.149893862704945
0,0.0642280182087717,-0.148893862704945
0,0.0642057579347991,-0.147893862704945
0,0.0641834976608265,-0.146893862704945
0,0.0641612373868539,-0.145893862704945
0,0.0641389771128813,-0.144893862704945
0,0.0641167168389087,-0.143893862704945
0,0.0640944565649361,-0.142893862704945
0,0.0640721962909635,-0.141893862704945
0,0.0640499360169909,-0.140893862704945
0,0.0640276757430183,-0.139893862704945
0,0.0640054154690457,-0.138893862704945
0,0.0639831551950731,-0.137893862704945
0,0.0639608949211005,-0.136893862704945
0,0.0639386346471279,-0.135893862704945
0,0.0639163743731553,-0.134893862704945
0,0.0638941140991827,-0.133893862704945
0,0.0638718538252101,-0.132893862704945
0,0.0638495935512375,-0.131893862704945
0,0.0638273332772648,-0.130893862704945
0,0.0638050730032922,-0.129893862704945
0,0.0637828127293196,-0.128893862704945
0,0.063760552455347,-0.127893862704945
0,0.0637382921813744,-0.126893862704945
0,0.0637160319074018,-0.125893862704945
0,0.0636937716334292,-0.124893862704945
0,0.0636715113594566,-0.123893862704945
0,0.063649251085484,-0.122893862704945
0,0.0636269908115114,-0.121893862704945
0,0.0636047305375388,-0.120893862704945
0,0.0635824702635662,-0.119893862704945
0,0.0635602099895936,-0.118893862704945
0,0.063537949715621,-0.117893862704945
0,0.0635156894416484,-0.116893862704945
0,0.0634934291676758,-0.115893862704945
0,0.0634711688937032,-0.114893862704945
0,0.0634489086197306,-0.113893862704945
0,0.063426648345758,-0.112893862704945
0,0.0634043880717854,-0.111893862704945
0,0.0633821277978128,-0.110893862704945
0,0.0633598675238402,-0.109893862704945
0,0.0633376072498676,-0.108893862704945
0,0.063315346975895,-0.107893862704945
0,0.0632930867019224,-0.106893862704945
0,0.0632708264279498,-0.105893862704945
0,0.0632485661539772,-0.104893862704945
0,0.0632263058800046,-0.103893862704945
0,0.063204045606032,-0.102893862704945
0,0.0631817853320594,-0.101893862704945
0,0.0631595250580868,-0.100893862704945
0,0.0631372647841142,-0.0998938627049451
0,0.0631150045101416,-0.0988938627049451
0,0.063092744236169,-0.0978938627049451
0,0.0630704839621964,-0.0968938627049451
0,0.0630482236882238,-0.0958938627049451
0,0.0630259634142512,-0.0948938627049451
0,0.0630037031402785,-0.0938938627049451
0,0.0629814428663059,-0.0928938627049451
0,0.0629591825923334,-0.0918938627049451
0,0.0629369223183607,-0.0908938627049451
0,0.0629146620443881,-0.0898938627049451
0,0.0628924017704155,-0.0888938627049451
0,0.0628701414964429,-0.0878938627049451
0,0.0628478812224703,-0.0868938627049451
0,0.0628256209484977,-0.0858938627049451
0,0.0628033606745251,-0.0848938627049451
0,0.0627811004005525,-0.0838938627049451
0,0.0627588401265799,-0.0828938627049451
0,0.0627365798526073,-0.0818938627049451
0,0.0627143195786347,-0.0808938627049451
0,0.0626920593046621,-0.0798938627049451
0,0.0626697990306895,-0.0788938627049451
0,0.0626475387567169,-0.0778938627049451
0,0.0626252784827443,-0.0768938627049451
0,0.0626030182087717,-0.0758938627049451
0,0.0625807579347991,-0.0748938627049451
0,0.0625584976608265,-0.0738938627049451
0,0.0625362373868539,-0.0728938627049451
0,0.0625139771128813,-0.0718938627049451
0,0.0624917168389087,-0.0708938627049451
0,0.0624694565649361,-0.0698938627049451
0,0.0624471962909635,-0.0688938627049451
0,0.0624249360169909,-0.0678938627049451
0,0.0624026757430183,-0.0668938627049451
0,0.0623804154690457,-0.0658938627049451
0,0.0623581551950731,-0.0648938627049451
0,0.0623358949211005,-0.0638938627049451
0,0.0623136346471279,-0.0628938627049451
0,0.0622913743731553,-0.0618938627049451
0,0.0622691140991827,-0.0608938627049451
0,0.0622468538252101,-0.0598938627049451
0,0.0622245935512375,-0.0588938627049451
0,0.0621550100359202,-0.0578938627049451
0,0.0621389285204243,-0.0568938627049451
0,0.0620888510340634,-0.0558938627049451
0,0.0620046421324058,-0.0548938627049451
0,0.0618860934331725,-0.0538938627049451
0,0.0617329086898084,-0.0528938627049451
0,0.061544700029484,-0.0518938627049451
0,0.0613209829191129,-0.0508938627049451
0,0.0610611697029406,-0.0498938627049451
0,0.0607645615033008,-0.0488938627049451
0,0.0604303382116364,-0.0478938627049451
0,0.060057546215092,-0.0468938627049451
0,0.0596450833983286,-0.0458938627049451
0,0.0591916808214922,-0.0448938627049451
0,0.0586958802903196,-0.0438938627049451
0,0.0581560067841251,-0.0428938627049451
0,0.0575701343636538,-0.0418938627049451
0,0.0569360437011399,-0.0408938627049451
0,0.0562511686943569,-0.0398938627049451
0,0.0555125286432431,-0.0388938627049451
0,0.0547166410188572,-0.0378938627049451
0,0.0538594076721849,-0.0368938627049451
0,0.0529359639621069,-0.0358938627049451
0,0.0519404749379997,-0.0348938627049451
0,0.0508658539646739,-0.0338938627049451
0,0.049705527695607,-0.0328938627049451
0,0.0485162347302284,-0.0318938627049451
0,0.0473269417648499,-0.0308938627049451
0,0.0461376487994713,-0.0298938627049451
0,0.0449483558340927,-0.0288938627049451
0,0.0437590628687142,-0.0278938627049451
0,0.0425697699033356,-0.0268938627049451
0,0.041380476937957,-0.0258938627049451
0,0.0401911839725784,-0.0248938627049451
0,0.0390368624388317,-0.0238938627049451
0,0.0379688024594661,-0.0228938627049451
0,0.0369792591700119,-0.0218938627049451
0,0.0360612577336251,-0.0208938627049451
0,0.0352090490902496,-0.0198938627049451
0,0.034417835914887,-0.0188938627049451
0,0.033683573747033,-0.0178938627049451
0,0.0330028235472046,-0.0168938627049451
0,0.0323726403389212,-0.0158938627049451
0,0.0317904877409304,-0.0148938627049451
0,0.0312541714457429,-0.0138938627049451
0,0.0307617868113168,-0.0128938627049451
0,0.0303116771366706,-0.0118938627049451
0,0.0299024001465092,-0.0108938627049451
0,0.0295327008714737,-0.00989386270494511
0,0.0292014895775149,-0.0088938627049451
0,0.0289078237329149,-0.0078938627049451
0,0.0286508932456747,-0.0068938627049451
0,0.0284300083846661,-0.0058938627049451
0,0.0282445899336311,-0.0048938627049451
0,0.0280941612305835,-0.0038938627049451
0,0.0279783418253765,-0.0028938627049451
0,0.0278968425515512,-0.0018938627049451
0,0.0278484156748297,-0.000893862704945098
0,0.0278353139588913,0.000106137295054903
0,0.0279182555086564,0.0011061372950549
0,0.0281411908408232,0.00210613729505491
0,0.0285133298078371,0.00310613729505489
0,0.0290165671844716,0.00410613729505489
0,0.029529896409643,0.00510613729505489
0,0.0300408696713716,0.00610613729505489
0,0.0305494869696575,0.0071061372950549
0,0.0310557483045006,0.0081061372950549
0,0.031559653675901,0.0091061372950549
0,0.0320612030838587,0.0101061372950549
0,0.0325603965283736,0.0111061372950549
0,0.0330572340094458,0.0121061372950549
0,0.0335517155270752,0.0131061372950549
0,0.0340438410812619,0.0141061372950549
0,0.0345336106720059,0.0151061372950549
0,0.0350210242993071,0.0161061372950549
0,0.0355060819631656,0.0171061372950549
0,0.0359887836635813,0.0181061372950549
0,0.0364691294005543,0.0191061372950549
0,0.0369471191740845,0.0201061372950549
0,0.037422752984172,0.0211061372950549
0,0.0378960308308168,0.0221061372950549
0,0.0383669527140189,0.0231061372950549
0,0.0388355186337781,0.0241061372950549
0,0.0393017285900947,0.0251061372950549
0,0.0397655825829685,0.0261061372950549
0,0.0402270806123996,0.0271061372950549
0,0.0406862226783879,0.0281061372950549
0,0.0411430087809335,0.0291061372950549
0,0.0415974389200363,0.0301061372950549
0,0.0420495130956964,0.0311061372950549
0,0.0424992313079138,0.0321061372950549
0,0.0429465935566884,0.0331061372950549
0,0.0433915998420203,0.0341061372950549
0,0.0438342501639095,0.0351061372950549
0,0.0442745445223559,0.0361061372950549
0,0.0447124829173596,0.0371061372950549
0,0.0451480653489205,0.0381061372950549
0,0.0455812918170387,0.0391061372950549
0,0.0460121623217141,0.0401061372950549
0,0.0464406768629468,0.0411061372950549
0,0.0468668354407368,0.0421061372950549
0,0.047290638055084,0.0431061372950549
0,0.0477120847059885,0.0441061372950549
0,0.0481311753934502,0.0451061372950549
0,0.0485479101174692,0.0461061372950549
0,0.0489622888780455,0.0471061372950549
0,0.049374311675179,0.0481061372950549
0,0.0497839785088698,0.0491061372950549
0,0.0501912893791178,0.0501061372950549
0,0.0505962442859231,0.0511061372950549
0,0.0509988432292857,0.0521061372950549
0,0.0513990862092055,0.0531061372950549
0,0.0517969732256826,0.0541061372950549
0,0.0521925042787169,0.0551061372950549
0,0.0525856793683085,0.0561061372950549
0,0.0529764984944573,0.0571061372950549
0,0.0533649616571635,0.0581061372950549
0,0.0537510688564268,0.0591061372950549
0,0.0541348200922475,0.0601061372950549
0,0.0545162153646254,0.0611061372950549
0,0.0548952546735605,0.0621061372950549
0,0.0552719380190529,0.0631061372950549
0,0.0556462654011026,0.0641061372950549
0,0.0560182368197095,0.0651061372950549
0,0.0563878522748737,0.0661061372950549
0,0.0567551117665952,0.0671061372950549
0,0.0571200152948739,0.0681061372950549
0,0.0574825628597098,0.0691061372950549
0,0.0578427544611031,0.0701061372950549
0,0.0582005900990536,0.0711061372950549
0,0.0585560697735613,0.0721061372950549
0,0.0589091934846263,0.0731061372950549
0,0.0592599612322486,0.0741061372950549
0,0.0596083730164281,0.0751061372950549
0,0.0599544288371649,0.0761061372950549
0,0.0602981286944589,0.0771061372950549
0,0.0606394725883102,0.0781061372950549
0,0.0609784605187188,0.0791061372950549
0,0.0613150924856846,0.0801061372950549
0,0.0616493684892077,0.0811061372950549
0,0.061981288529288,0.0821061372950549
0,0.0623108526059256,0.0831061372950549
0,0.0626380607191205,0.0841061372950549
0,0.0629629128688726,0.0851061372950549
0,0.063285409055182,0.0861061372950549
0,0.0636055492780487,0.0871061372950549
0,0.0639233335374726,0.0881061372950549
0,0.0642387618334537,0.0891061372950549
0,0.0645518341659921,0.0901061372950549
